first
-3995842200
true
slower
14418259300
4434345500
true
270
3
30
280 25 90 10 2 wood
330 25 90 10 1 glass
380 25 90 10 1 blinking
430 25 90 10 1 blinking
80 25 70 10 1 wood
280 25 70 10 1 gift
0 0 0 0 multiPly
330 25 70 10 1 blinking
380 25 70 10 1 glass
430 25 70 10 1 glass
80 25 50 10 1 gift
0 0 0 0 multiPly
280 25 50 10 2 wood
330 25 50 10 1 blinking
380 25 50 10 2 wood
430 25 50 10 1 glass
480 25 50 10 1 gift
0 0 0 0 slower
80 25 30 10 1 hidden
230 25 30 10 1 glass
280 25 30 10 2 wood
330 25 30 10 1 blinking
380 25 30 10 1 glass
430 25 30 10 2 wood
480 25 30 10 1 glass
80 25 10 10 2 wood
130 25 10 10 2 wood
230 25 10 10 2 wood
280 25 10 10 1 hidden
330 25 10 10 2 wood
380 25 10 10 1 gift
0 0 0 0 bigger
430 25 10 10 1 gift
0 0 0 0 bigger
480 25 10 10 1 gift
0 0 0 0 bigger
4
184.76828004370742 394.9997235909633 3.0 1.5696407861738244
203.0020203591002 259.1486398152619 3.0 4.719941246046776
246.3786590535791 475.5790029511207 3.0 4.725774198103911
440.8334476627057 203.61341534293467 3.0 4.376512801161656
1
480 0 424 0 multiPly
